Run nEvt GainFctr SpaceDiffFctr TimeDiffFctr Res_RC Res_Sigma0 DetGain Noise_fC Thr_fC IT_Length IT_ratio APV_ped APV_thr TIGER_E_fC_thr TIGER_T_fC_thr TORA_thr_T TORA_gain TORA_tau FFT_fmin FFT_fmax Electronics  Strip_Pitch
0      1        1             3            1    150       0.05    5000      0.5    1.0        50      0.5       0       0              0              0          0      12.7      150        0        0           2          0.4
1      1        1             1            1    200       0.05    1000      0.5   1.75       150      0.5       0       0              4              4          0         0        0        0        0           1          0.4
2      1        1             3            1    150       0.05    5000      0.5    1.0        50      0.5     1.0     0.8              0              0          0         0        0        0        0           0          0.4

TIGER  0        0             0            0      0          0       0        0      0         0        0       0       0              0              0          0         0        0        0        0           0            0
10  1000      3.5             3            1   10.0       0.05      33      0.5    1.0        50      0.5       0       0              8              8          0         0        0        0        0           1          0.4
11  1000      3.5             3            1   10.0       0.05      51      0.5    1.0        50      0.5       0       0              8              8          0         0        0        0        0           1          0.4
12  1000      3.5             3            1   10.0       0.05      79      0.5    1.0        50      0.5       0       0              8              8          0         0        0        0        0           1          0.4
13  1000      3.5             3            1   10.0       0.05     122      0.5    1.0        50      0.5       0       0              8              8          0         0        0        0        0           1          0.4
14  1000      3.5             3            1   10.0       0.05     190      0.5    1.0        50      0.5       0       0              8              8          0         0        0        0        0           1          0.4
15  1000      3.5             3            1   10.0       0.05     294      0.5    1.0        50      0.5       0       0              8              8          0         0        0        0        0           1          0.4
16  1000      3.5             3            1   10.0       0.05     455      0.5    1.0        50      0.5       0       0              8              8          0         0        0        0        0           1          0.4
17  1000      3.5             3            1   10.0       0.05     704      0.5    1.0        50      0.5       0       0              8              8          0         0        0        0        0           1          0.4
18  1000      3.3             3            1   10.0       0.05    1089      0.5    1.0        50      0.5       0       0              8              8          0         0        0        0        0           1          0.4
19  1000      3.0             3            1   10.0       0.05    1686      0.5    1.0        50      0.5       0       0              8              8          0         0        0        0        0           1          0.4
20  1000      2.6             3            1   10.0       0.05    2609      0.5    1.0        50      0.5       0       0              8              8          0         0        0        0        0           1          0.4
21  1000      2.1             3            1   10.0       0.05    4036      0.5    1.0        50      0.5       0       0              8              8          0         0        0        0        0           1          0.4
22  1000      1.6             3            1   10.0       0.05    6245      0.5    1.0        50      0.5       0       0              8              8          0         0        0        0        0           1          0.4
23  1000      1.2             3            1   10.0       0.05    9663      0.5    1.0        50      0.5       0       0              8              8          0         0        0        0        0           1          0.4
24  1000      0.9             3            1   10.0       0.05   14952      0.5    1.0        50      0.5       0       0              8              8          0         0        0        0        0           1          0.4

APV    0        0             0            0      0          0       0        0      0         0        0       0       0              0              0          0         0        0        0        0           0            0
30  1000      2.0             3            1   10.0       0.05     460      0.5    1.0        50      0.5     1.0     0.8              0              0          0         0        0        0        0           0          0.4
31  1000      2.0             3            1   10.0       0.05     880      0.5    1.0        50      0.5     1.0     0.8              0              0          0         0        0        0        0           0          0.4
32  1000      2.0             3            1   10.0       0.05    1100      0.5    1.0        50      0.5     1.0     0.8              0              0          0         0        0        0        0           0          0.4
33  1000      2.0             3            1   10.0       0.05    1700      0.5    1.0        50      0.5     1.0     0.8              0              0          0         0        0        0        0           0          0.4
34  1000      2.0             3            1   10.0       0.05    2600      0.5    1.0        50      0.5     1.0     0.8              0              0          0         0        0        0        0           0          0.4
35  1000      1.9             3            1   10.0       0.05    3250      0.5    1.0        50      0.5     1.0     0.8              0              0          0         0        0        0        0           0          0.4
36  1000      1.65            3            1   10.0       0.05    5000      0.5    1.0        50      0.5     1.0     0.8              0              0          0         0        0        0        0           0          0.4
37  1000      1.5             3            1   10.0       0.05    6250      0.5    1.0        50      0.5     1.0     0.8              0              0          0         0        0        0        0           0          0.4
38  1000      1.2             3            1   10.0       0.05    9700      0.5    1.0        50      0.5     1.0     0.8              0              0          0         0        0        0        0           0          0.4
39  1000      1.1             3            1   10.0       0.05   12000      0.5    1.0        50      0.5     1.0     0.8              0              0          0         0        0        0        0           0          0.4

